# Timestamps taken from the video recording, so the startmedia shift is
# already included

timestamp_start <- list()
timestamp_stop <- list()

timestamp_start[["1fb90f4b-1865-4ebb-b39c-a22d2983f45a.csv"]] <- 61033
timestamp_stop[["1fb90f4b-1865-4ebb-b39c-a22d2983f45a.csv"]] <- 1131333

timestamp_start[["1fbef84f-e208-43d9-9040-2805dad1c3dc.csv"]] <- 70867
timestamp_stop[["1fbef84f-e208-43d9-9040-2805dad1c3dc.csv"]] <- 1400900

timestamp_start[["2c19328f-19fb-474d-a217-1692003c48c3.csv"]] <- 129367
timestamp_stop[["2c19328f-19fb-474d-a217-1692003c48c3.csv"]] <- 1365633

timestamp_start[["2e28aaba-6781-49e1-89df-6bcc086989c2.csv"]] <- 51700
timestamp_stop[["2e28aaba-6781-49e1-89df-6bcc086989c2.csv"]] <- 737033

timestamp_start[["3e73ac5c-184b-4811-983a-1691fcf7dc97.csv"]] <- 59033
timestamp_stop[["3e73ac5c-184b-4811-983a-1691fcf7dc97.csv"]] <- 1115133

timestamp_start[["3ee7b30b-09dd-45e9-b187-f51ebb95b732.csv"]] <- 81767
timestamp_stop[["3ee7b30b-09dd-45e9-b187-f51ebb95b732.csv"]] <- 984800

timestamp_start[["3ef56ca6-00ee-4c0e-a231-6a62d5593b85.csv"]] <- 67500
timestamp_stop[["3ef56ca6-00ee-4c0e-a231-6a62d5593b85.csv"]] <- 679633

timestamp_start[["4f3af9f7-3833-43bf-957b-c4fdbb58644f.csv"]] <- 53767
timestamp_stop[["4f3af9f7-3833-43bf-957b-c4fdbb58644f.csv"]] <- 600567

timestamp_start[["5a0f47d9-411f-4a37-95a5-2da3275c60fe.csv"]] <- 54100
timestamp_stop[["5a0f47d9-411f-4a37-95a5-2da3275c60fe.csv"]] <- 1264667

timestamp_start[["5aa344da-cec1-435d-b4be-d1a018053ad4.csv"]] <- 60567
timestamp_stop[["5aa344da-cec1-435d-b4be-d1a018053ad4.csv"]] <- 1045600

timestamp_start[["6a0e8389-6a1c-427b-a573-ab054d54e6a6.csv"]] <- 84567
timestamp_stop[["6a0e8389-6a1c-427b-a573-ab054d54e6a6.csv"]] <- 1001167

timestamp_start[["6ad4b218-f1a2-4354-8969-de83ff92a138.csv"]] <- 74367
timestamp_stop[["6ad4b218-f1a2-4354-8969-de83ff92a138.csv"]] <- 1372500

timestamp_start[["6d53d73d-1068-43a5-a208-553e2fe2785f.csv"]] <- 46733
timestamp_stop[["6d53d73d-1068-43a5-a208-553e2fe2785f.csv"]] <- 1304200

timestamp_start[["7c3e7682-ac7b-4ac9-8bdc-447ff2c1d676.csv"]] <- 36400
timestamp_stop[["7c3e7682-ac7b-4ac9-8bdc-447ff2c1d676.csv"]] <- 865067

timestamp_start[["7dbda999-d4cc-45a1-8daa-1d76c050c427.csv"]] <- 54677
timestamp_stop[["7dbda999-d4cc-45a1-8daa-1d76c050c427.csv"]] <- 1149667

timestamp_start[["9abfbfaf-3d1e-44ce-a5bb-e9b4a07d1e59.csv"]] <- 58567
timestamp_stop[["9abfbfaf-3d1e-44ce-a5bb-e9b4a07d1e59.csv"]] <- 704867

timestamp_start[["9b7d4d3f-458e-4dd6-97e2-e9be7890153d.csv"]] <- 71300
timestamp_stop[["9b7d4d3f-458e-4dd6-97e2-e9be7890153d.csv"]] <- 1371467

timestamp_start[["9bd5c1d2-1fab-457b-b0e8-741c0a6c42d1.csv"]] <- 48600
timestamp_stop[["9bd5c1d2-1fab-457b-b0e8-741c0a6c42d1.csv"]] <- 877767

timestamp_start[["17a6082e-3ba5-47a9-8c8b-93193de2e991.csv"]] <- 56067
timestamp_stop[["17a6082e-3ba5-47a9-8c8b-93193de2e991.csv"]] <- 914233

timestamp_start[["30e5dc95-35fe-4b95-b821-a64a6a6f6fee.csv"]] <- 54733
timestamp_stop[["30e5dc95-35fe-4b95-b821-a64a6a6f6fee.csv"]] <- 1258433

timestamp_start[["39d986e5-6766-4be7-8a6f-3ea76f48d3a2.csv"]] <- 126633
timestamp_stop[["39d986e5-6766-4be7-8a6f-3ea76f48d3a2.csv"]] <- 1410233

timestamp_start[["40d3f75c-da06-4ee3-8cd6-833da592afd7.csv"]] <- 90267
timestamp_stop[["40d3f75c-da06-4ee3-8cd6-833da592afd7.csv"]] <- 1224800

timestamp_start[["40d74c90-eab3-4de5-a241-8470ad53e057.csv"]] <- 63033
timestamp_stop[["40d74c90-eab3-4de5-a241-8470ad53e057.csv"]] <- 982467

timestamp_start[["80f37d48-73f5-49a4-a575-12e6ac6faf10.csv"]] <- 54933
timestamp_stop[["80f37d48-73f5-49a4-a575-12e6ac6faf10.csv"]] <- 982833

timestamp_start[["201f56f1-320f-41ae-87f6-336c42da941d.csv"]] <- 69767
timestamp_stop[["201f56f1-320f-41ae-87f6-336c42da941d.csv"]] <- 910733

timestamp_start[["243e5c17-b668-4615-b76c-e644475df52d.csv"]] <- 54400
timestamp_stop[["243e5c17-b668-4615-b76c-e644475df52d.csv"]] <- 821867

timestamp_start[["372f6d76-92b0-49ee-b8e8-c2c16ec6ab68.csv"]] <- 53633
timestamp_stop[["372f6d76-92b0-49ee-b8e8-c2c16ec6ab68.csv"]] <- 981067

timestamp_start[["731f28af-76ca-45c0-bee2-a89db68be572.csv"]] <- 144533
timestamp_stop[["731f28af-76ca-45c0-bee2-a89db68be572.csv"]] <- 2165133

timestamp_start[["813cdcc8-cfcc-4757-8902-d37232e1ef3a.csv"]] <- 51367
timestamp_stop[["813cdcc8-cfcc-4757-8902-d37232e1ef3a.csv"]] <- 605333

timestamp_start[["2316b6fe-3efb-4682-83e1-d986a47073bc.csv"]] <- 43933
timestamp_stop[["2316b6fe-3efb-4682-83e1-d986a47073bc.csv"]] <- 899667

timestamp_start[["6647fd61-8a34-4415-8f74-f587cc37fa8b.csv"]] <- 75933
timestamp_stop[["6647fd61-8a34-4415-8f74-f587cc37fa8b.csv"]] <- 1220300

timestamp_start[["5108762b-cfe9-421c-9c0e-29e50bcd2481.csv"]] <- 34400
timestamp_stop[["5108762b-cfe9-421c-9c0e-29e50bcd2481.csv"]] <- 525500

timestamp_start[["71215446-5725-4045-82aa-2404ae8d4c23.csv"]] <- 74267
timestamp_stop[["71215446-5725-4045-82aa-2404ae8d4c23.csv"]] <- 1337733

timestamp_start[["96394333-afb0-4156-9a0e-edd9ba8c0667.csv"]] <- 41133
timestamp_stop[["96394333-afb0-4156-9a0e-edd9ba8c0667.csv"]] <- 779000

timestamp_start[["a9660667-a9b7-41af-a905-6b123303423f.csv"]] <- 41067
timestamp_stop[["a9660667-a9b7-41af-a905-6b123303423f.csv"]] <- 1264567

timestamp_start[["ab0b3b7e-e424-455a-91e2-6751640c4c49.csv"]] <- 51933
timestamp_stop[["ab0b3b7e-e424-455a-91e2-6751640c4c49.csv"]] <- 1037533

timestamp_start[["b5c0acfd-fc95-493e-bfd9-031105bcde2e.csv"]] <- 65267
timestamp_stop[["b5c0acfd-fc95-493e-bfd9-031105bcde2e.csv"]] <- 952100

timestamp_start[["b5d930c5-eae6-4996-93df-427e8826fab7.csv"]] <- 61100
timestamp_stop[["b5d930c5-eae6-4996-93df-427e8826fab7.csv"]] <- 726533

timestamp_start[["b317cf35-80c9-40b0-b14f-f1c2943e4e99.csv"]] <- 31867
timestamp_stop[["b317cf35-80c9-40b0-b14f-f1c2943e4e99.csv"]] <- 482000

timestamp_start[["bcb73256-647b-4248-8091-d7644bb26f8a.csv"]] <- 104367
timestamp_stop[["bcb73256-647b-4248-8091-d7644bb26f8a.csv"]] <- 1649533

timestamp_start[["c1b5d677-de36-4a86-b8ed-f97778d8d0d5.csv"]] <- 89167
timestamp_stop[["c1b5d677-de36-4a86-b8ed-f97778d8d0d5.csv"]] <- 1382733

timestamp_start[["c7cce57e-9c3d-4665-87e0-7c8d38b4a485.csv"]] <- 58300
timestamp_stop[["c7cce57e-9c3d-4665-87e0-7c8d38b4a485.csv"]] <- 845600

timestamp_start[["cb4670a6-ddc5-4d01-a97d-c1d323d92029.csv"]] <- 32900
timestamp_stop[["cb4670a6-ddc5-4d01-a97d-c1d323d92029.csv"]] <- 1191100

timestamp_start[["cf01f250-e5e9-4ab3-aa12-efbf73817172.csv"]] <- 62067
timestamp_stop[["cf01f250-e5e9-4ab3-aa12-efbf73817172.csv"]] <- 1282633

timestamp_start[["d9c150e1-d664-4f3c-b099-864d496fce36.csv"]] <- 37700
timestamp_stop[["d9c150e1-d664-4f3c-b099-864d496fce36.csv"]] <- 719733

timestamp_start[["d9ceff24-a35f-4988-b234-920b3f595a9e.csv"]] <- 40200
timestamp_stop[["d9ceff24-a35f-4988-b234-920b3f595a9e.csv"]] <- 930000

timestamp_start[["d0324d75-16f3-4e50-b902-96c487eff21a.csv"]] <- 80800
timestamp_stop[["d0324d75-16f3-4e50-b902-96c487eff21a.csv"]] <- 1710867

timestamp_start[["d6988fc1-fc55-4d5d-bc86-9c3ed7e6243d.csv"]] <- 48333
timestamp_stop[["d6988fc1-fc55-4d5d-bc86-9c3ed7e6243d.csv"]] <- 1355833

timestamp_start[["daaecfb8-ceec-49be-9a09-5de09409f5e6.csv"]] <- 47633
timestamp_stop[["daaecfb8-ceec-49be-9a09-5de09409f5e6.csv"]] <- 719500

timestamp_start[["db9e83d8-80d2-48d4-b38b-884a84aab08b.csv"]] <- 55567
timestamp_stop[["db9e83d8-80d2-48d4-b38b-884a84aab08b.csv"]] <- 802800

timestamp_start[["dce1b8bd-574d-46ea-9d13-03cfb4d33b51.csv"]] <- 69467
timestamp_stop[["dce1b8bd-574d-46ea-9d13-03cfb4d33b51.csv"]] <- 1296767

timestamp_start[["dd00d142-c163-4c8a-bf8e-4af2188c0e63.csv"]] <- 72067
timestamp_stop[["dd00d142-c163-4c8a-bf8e-4af2188c0e63.csv"]] <- 1353833

timestamp_start[["ea4801da-a45f-41ea-80b6-a6f7ee9f139a.csv"]] <- 63000
timestamp_stop[["ea4801da-a45f-41ea-80b6-a6f7ee9f139a.csv"]] <- 1159367

timestamp_start[["ef8455ab-86d4-4ac6-bf6b-5eaf494a08ed.csv"]] <- 75567
timestamp_stop[["ef8455ab-86d4-4ac6-bf6b-5eaf494a08ed.csv"]] <- 1292833

timestamp_start[["f947f07f-fa6e-4be6-811e-f33fc118a6bf.csv"]] <- 86067
